100_0095_0002.JPG -37.2513786652187 -31.991727319467252 -16.44149738499582
100_0095_0003.JPG -40.11073089464741 -19.55336864083205 -30.881202252876506
100_0095_0004.JPG -19.463050567392994 3.9801245744722458 -11.555420993870703
100_0095_0005.JPG -29.100324022547372 -46.75871260579091 -56.80340317837239
100_0095_0006.JPG -28.660028009561895 -46.36976353386681 -40.47884217807778
100_0096_0001.JPG -24.69142909373342 -24.542635820115514 -6.62207470288463
100_0096_0002.JPG -22.821014146390503 -23.004020611536177 -17.169734065565
100_0096_0003.JPG -22.221520893145033 -23.07995983275413 -28.760458493527768
100_0096_0004.JPG -21.999061029433562 -22.123931156807227 -40.33349464204554
100_0096_0005.JPG -23.117187940040164 -27.654714147325453 -46.752460432266034
100_0096_0007.JPG -15.983250099908464 -29.127537049088605 -65.27533046745768
100_0096_0008.JPG -15.331585030189451 -30.616794249375168 -52.95031674953694
100_0096_0009.JPG -15.669075550035107 -30.262627563816963 -40.54786666715784
100_0096_0010.JPG -15.86458587760395 -30.0059723997517 -28.99314752095148
100_0096_0011.JPG -15.978280361830803 -30.275949488598613 -16.975832099421076
100_0096_0014.JPG -9.258131595128594 -37.954260454846704 -16.34572102538122
100_0096_0016.JPG -8.808408609068524 -38.180539230396896 -40.29255873750576
100_0096_0017.JPG -8.445089831777707 -38.63074289089774 -52.165413293967724
100_0096_0018.JPG -8.052607226885552 -38.38609995601283 -64.78056407983195
100_0097_0002.JPG -56.27524194580502 -42.83483121208582 -25.79063239810839
100_0095_0002.JPG -37.2513786652187 -31.991727319467252 -16.44149738499582
100_0095_0003.JPG -40.11073089464741 -19.55336864083205 -30.881202252876506
100_0095_0004.JPG -19.463050567392994 3.9801245744722458 -11.555420993870703
100_0095_0005.JPG -29.100324022547372 -46.75871260579091 -56.80340317837239
100_0095_0006.JPG -28.660028009561895 -46.36976353386681 -40.47884217807778
100_0096_0001.JPG -24.69142909373342 -24.542635820115514 -6.62207470288463
100_0096_0002.JPG -22.821014146390503 -23.004020611536177 -17.169734065565
100_0096_0003.JPG -22.221520893145033 -23.07995983275413 -28.760458493527768
100_0096_0004.JPG -21.999061029433562 -22.123931156807227 -40.33349464204554
100_0096_0005.JPG -23.117187940040164 -27.654714147325453 -46.752460432266034
100_0096_0007.JPG -15.983250099908464 -29.127537049088605 -65.27533046745768
100_0096_0008.JPG -15.331585030189451 -30.616794249375168 -52.95031674953694
100_0096_0009.JPG -15.669075550035107 -30.262627563816963 -40.54786666715784
100_0096_0010.JPG -15.86458587760395 -30.0059723997517 -28.99314752095148
100_0096_0011.JPG -15.978280361830803 -30.275949488598613 -16.975832099421076
100_0096_0014.JPG -9.258131595128594 -37.954260454846704 -16.34572102538122
100_0096_0016.JPG -8.808408609068524 -38.180539230396896 -40.29255873750576
100_0096_0017.JPG -8.445089831777707 -38.63074289089774 -52.165413293967724
100_0096_0018.JPG -8.052607226885552 -38.38609995601283 -64.78056407983195
100_0097_0002.JPG -56.27524194580502 -42.83483121208582 -25.79063239810839
100_0097_0003.JPG -47.89262448248383 -1.024590054351668 -8.530219400594309
100_0097_0004.JPG -47.85443451517049 3.0146812393619373 -8.873836000835034
100_0097_0005.JPG -54.44595014496439 -12.799173436733275 -14.126015059092115